image: void.pgm
resolution: 0.020000
origin: [-4.600000, -6.420000, 0.000000]
negate: 0
occupied_thresh: 0.65
free_thresh: 0.196

